[gd_scene load_steps=4 format=3 uid="uid://b705elwpk73l4"]

[ext_resource type="PackedScene" uid="uid://cf7ttycd781n8" path="res://Player/player.tscn" id="1_2r2la"]
[ext_resource type="MeshLibrary" uid="uid://cerxpc7ejgjo6" path="res://Assets/Tiles.tres" id="2_yidjl"]

[sub_resource type="PhysicsMaterial" id="PhysicsMaterial_bh7nl"]

[node name="World" type="Node3D"]
transform = Transform3D(0.533068, 0, 0.846072, 0, 1, 0, -0.846072, 0, 0.533068, 6.07538, 1.29803, -0.287354)
metadata/_edit_horizontal_guides_ = [2737.0]

[node name="Player" parent="." instance=ExtResource("1_2r2la")]
transform = Transform3D(-0.0224951, 0, 0.097437, 0, 0.1, 0, -0.097437, 0, -0.0224951, 5, 1.17063, 4.76837e-07)

[node name="DirectionalLight3D" type="DirectionalLight3D" parent="."]
transform = Transform3D(0.529919, 0, 0.848048, 0, 1, 0, -0.848048, 0, 0.529919, 5, 382.591, 125.715)
light_color = Color(1, 1, 0.992157, 1)
light_energy = 16.0
light_indirect_energy = 2.0
light_volumetric_fog_energy = 1.5
shadow_enabled = true
directional_shadow_blend_splits = true
directional_shadow_max_distance = 8192.0

[node name="GridMap" type="GridMap" parent="."]
transform = Transform3D(0.529919, 0, 0.848048, 0, 1, 0, -0.848048, 0, 0.529919, 5, 0, 0)
mesh_library = ExtResource("2_yidjl")
physics_material = SubResource("PhysicsMaterial_bh7nl")
cell_size = Vector3(1, 0.01, 1)
data = {
"cells": PackedInt32Array(0, 65535, 135, 65538, 65535, 135, 65537, 65535, 135, 2, 0, 135, 1, 0, 135, 0, 0, 135, 65535, 0, 135, 65535, 65535, 135, 0, 65534, 135, 65535, 65534, 135, 1, 65534, 135, 2, 65534, 135, 2, 65535, 135, 2, 1, 135, 1, 1, 135, 0, 1, 135, 65535, 1, 135, 65535, 65533, 135, 65535, 65532, 135, 0, 65532, 135, 0, 65533, 135, 1, 65533, 135, 2, 65533, 135, 1, 65532, 135, 2, 65532, 135, 3, 65532, 135, 3, 65533, 135, 3, 65534, 135, 3, 65535, 135, 3, 1, 135, 3, 0, 135, 65535, 65531, 135, 0, 65531, 135, 1, 65531, 135, 2, 65531, 135, 3, 65531, 135, 4, 65531, 135, 4, 65532, 135, 4, 65533, 135, 4, 65534, 135, 4, 2, 39, 3, 2, 39, 2, 2, 39, 1, 2, 39, 0, 2, 39, 65535, 2, 39, 65534, 2, 39, 65534, 1, 39, 65534, 0, 39, 65534, 65535, 39, 65534, 65534, 39, 65534, 65533, 39, 65534, 65532, 39, 65534, 65531, 39, 65535, 65530, 39, 0, 65530, 39, 1, 65530, 39, 2, 65530, 39, 3, 65530, 39, 4, 65530, 39, 5, 65530, 39, 5, 65531, 39, 5, 65532, 39, 5, 65533, 39, 5, 65534, 39, 5, 1, 39, 5, 0, 39, 5, 65535, 39, 4, 1, 39, 4, 0, 39, 4, 65535, 69)
}
metadata/_editor_floor_ = Vector3(0, 0, 0)
